# azimuth	latitude
172.094	62.0553
331.316	57.7628
157.041	38.3099
120.282	50.9222
222.56	70.6932
150.066	12.1522
138.693	18.6639
213.178	77.9766
113.032	55.3979
12.4056	71.6075
336.781	49.4078
335.988	49.6491
319.245	10.6084
158.445	26.5317
39.5909	83.3093
259.719	45.1774
146.237	66.9834
343.908	51.5084
209.303	74.2572
112.443	25.3758
29.2909	46.1983
272.721	74.4328
106.481	59.1761
177.515	69.7443
5.72229	56.6196
295.943	78.4228
35.4061	65.712
140.195	74.5913
331.892	66.7028
115.152	54.7518
99.9314	4.93429
37.3168	67.0431
237.866	77.8202
344.064	64.8252
328.823	56.6061
104.202	39.3421
288.03	74.1649
82.8962	33.5973
231.576	69.8155
65.8994	74.2424
89.4601	32.4232
309.598	24.444
129.491	66.1997
259.413	69.6561
177.022	69.0179
328.808	42.6172
155.63	38.6916
321.203	57.5554
287.236	27.6288
325.832	50.0536
108.043	59.1535
262.922	57.5688
257.73	59.224
257.982	55.4782
201.827	71.3382
156.35	42.5962
129.373	65.0329
313.759	35.0891
286.191	69.0141
290.387	31.5993
154.163	61.2085
197.462	36.0173
279.244	27.3698
136.41	35.8429
96.9696	15.7719
265.644	64.0621
0.462768	70.9762
142.419	78.9194
320.988	58.9651
344.859	3.26244
90.7626	59.5308
104.403	60.6618
73.8335	15.8094
139.035	66.7733
279.735	25.4614
100.791	66.677
71.3765	18.6028
59.6763	26.8382
113.544	74.7349
116.148	62.3244
349.017	32.8701
145.466	35.6831
125.107	70.7812
312.312	83.0996
97.4376	27.9375
158.079	64.865
99.4323	68.9676
118.991	22.511
292.772	34.0483
329.848	43.5655
276.626	21.6319
110.215	58.7032
168.34	77.731
113.867	72.6514
177.287	32.5241
204.186	68.9938
156.839	6.8362
310.77	1.02779
4.64248	3.78248
289.94	36.7718
129.734	20.4098
33.548	72.2088
345.05	82.3888
317.477	30.2093
24.6736	60.8635
304.942	51.8541
13.6557	69.2893
296.3	15.518
292.857	23.8487
61.8198	75.633
29.3247	68.5898
345.67	10.9872
340.379	82.5093
349.15	49.917
182.653	69.4259
146.117	36.675
55.2096	48.8491
154.263	33.7455
122.751	56.6334
253.018	34.0179
14.2543	22.586
332.222	64.309
228.421	72.5558
128.957	33.8083
134.818	36.4725
135.563	20.7143
74.3829	13.3484
78.0484	66.2032
77.7162	79.4001
339.58	82.5571
185.652	37.6725
312.728	40.6659
272.747	86.0016
284.386	26.7674
80.3529	80.6251
84.7236	50.5072
337.8	36.1171
80.2014	79.5786
279.494	16.5872
116.906	43.8493
102.998	12.133
121.85	60.8057
312.001	38.9686
211.308	57.5056
49.0908	44.4196
129.872	27.5047
323.095	60.3652
204.797	65.8851
324.63	65.2883
161.399	58.1403
321.303	59.6634
323.169	42.4833
49.6368	31.6372
336.066	50.3344
308.19	37.6942
109.863	52.0924
294.44	7.11922
122.887	29.5029
41.6352	81.9652
334.13	40.1348
64.1936	58.6113
317.559	56.234
227.606	64.8109
285.005	30.8666
342.034	3.50522
344.528	3.5945
217.838	59.3669
127.765	5.98862
117.753	43.6613
127.408	32.2931
311.721	41.3372
134.401	55.5459
350.405	2.61412
275.535	61.0542
131.458	37.7759
21.8579	81.5499
296.207	14.8919
99.0371	80.4756
130.247	27.6146
92.9573	46.0568
160.892	56.6465
82.8079	68.0675
335.042	38.0749
338.819	73.3119
277.338	60.4555
334.097	70.6958
311.315	40.1718
330.315	63.911
131.883	56.4335
62.7125	48.8795
255.267	69.0127
318.441	41.5906
102.406	18.7079
97.0366	18.1549
348.992	85.6456
313.798	40.6964
65.7744	47.8172
284.625	27.3806
171.341	1.36174
306.632	41.9047
29.4834	47.0974
131.005	8.31791
309.239	41.6994
339.642	35.6253
114.794	60.5249
177.015	0.541359
325.959	50.907
101.604	50.528
21.0657	67.2449
331.933	60.4956
320.673	22.99
346.137	61.8505
123.883	16.9287
249.54	68.5374
279.614	7.77671
302.049	80.38
102.733	52.2393
45.1901	66.1753
220.889	61.1691
132.137	48.2468
217.996	61.1265
97.0891	72.1593
75.9248	48.6121
186.081	66.7601
179.998	0.0010376
244.14	18.9071
295.51	8.14403
357.844	78.6583
152.314	63.925
64.0201	50.8615
249.894	22.7975
332.596	76.506
337.332	44.1693
243.924	41.9767
167.426	43.1196
346.11	36.9914
311.514	3.8277
99.5207	59.1501
229.906	37.7128
231.422	68.8593
178.689	0.740707
357.807	42.3221
247.546	55.5104
320.334	66.5364
313.466	1.92931
351.499	24.6052
267.626	62.6437
223.274	32.5153
94.3519	30.7112
178.863	1.97201
290.831	35.8833
109.208	13.2715
314	1.68526
44.5258	42.4014
255.964	2.39288
44.0929	42.1425
350.638	35.9697
245.068	43.2493
267.86	62.9607
304.81	13.756
281.453	64.7835
304.919	11.6523
19.801	77.8296
156.212	74.0944
66.662	44.3355
56.3695	71.6542
319.172	53.768
9.57311	9.42813
295.332	9.26227
64.9581	72.457
313.581	20.7391
106.439	21.9762
91.0921	56.9712
140.494	58.7687
315.946	22.1535
276.819	78.8467
97.4208	29.9456
179.254	3.76643
226.095	42.2299
72.1259	74.9707
142.531	58.9896
143.266	50.453
275.07	30.3307
128.719	1.49706
231.719	69.411
98.5891	57.1416
90.6133	45.0144
226.25	78.9677
189.675	72.6625
281.05	12.6036
229.72	83.3109
229.768	34.0703
74.5241	80.4041
278.734	28.9444
87.0061	22.1351
158.88	42.8181
140.331	15.4878
156.52	43.754
277.69	53.3998
170.051	60.3627
211.953	48.8507
41.7743	61.9545
210.38	63.6664
279.854	11.5208
260.755	83.6868
17.6803	63.3757
309.231	38.5013
206.549	62.3293
180.276	3.88609
130.467	74.2175
109.161	20.9004
92.0349	66.9314
151.8	1.40417
294.139	14.2624
227.332	33.4312
34.0845	61.8704
97.0744	64.3636
331.441	79.7932
38.111	58.3497
272.762	39.8733
17.2288	59.6213
19.0956	63.0665
255.609	43.6904
296.194	43.278
31.1564	34.1168
49.6233	78.9611
319.265	34.6774
134.698	68.1818
125.058	31.1322
15.2669	60.7595
298.006	44.5039
280.672	32.8467
291.508	13.229
123.807	39.2622
281.456	29.3102
20.4054	64.4187
243.29	77.2338
96.4258	86.8536
247.512	72.945
258.157	66.502
139.983	31.0759
266.299	43.2108
243.521	59.1713
142.761	34.8971
305.812	66.0881
221.002	63.2931
134.683	60.4787
299.148	6.57513
183.932	79.5204
223.165	62.6945
42.2039	67.1926
176.739	9.52672
321.702	39.8954
138.781	45.0306
132.523	66.1332
268.191	21.7164
189.523	81.2923
336.475	57.9554
69.6964	11.6882
272.463	33.1432
293.7	35.7322
274.48	50.7014
317.461	86.0025
65.3671	59.9959
199.618	63.0526
150.908	36.6955
357.056	87.6311
293.507	35.7254
202.819	62.6461
106.291	75.3666
249.263	68.236
90.251	26.8966
281.892	12.4453
230.359	61.2037
113.568	23.8091
157.243	74.2996
79.5049	53.9634
161.322	41.0004
201.288	45.8023
280.891	2.11623
218.264	34.2491
303.86	70.6997
222.267	66.7876
352.467	30.6423
256.327	71.7548
25.9966	88.3812
271.592	29.3444
42.4584	34.7578
303.819	54.6691
11.9369	63.4848
185.357	31.2799
129.039	52.7029
309.306	53.8262
281.295	12.2686
336.45	40.9138
59.0166	81.4866
31.2451	57.7498
285.014	51.2087
138.539	19.6425
275.872	50.6492
295.373	28.9118
131.183	55.2514
138.986	22.4505
294.42	20.5021
328.37	7.96545
303.947	65.1449
313.487	43.5736
39.5143	54.5903
163.294	74.2785
128.664	63.8026
228.96	78.0786
136.522	28.0061
315.611	42.841
298.66	9.01852
184.717	45.4425
308.865	14.1731
134.443	53.5788
283.458	27.0883
137.297	13.513
340.557	24.7186
349.672	58.7487
133.19	52.0185
206.21	16.861
44.0965	30.9107
292.314	45.4988
194.907	73.7007
141.79	44.4167
190.873	47.5709
38.0617	51.7195
332.19	39.3456
139.591	8.88487
273.022	38.4904
99.6404	47.3106
295.713	31.792
88.481	21.7995
140.22	49.229
228.889	76.1724
94.3555	71.9089
186.466	72.6957
132.056	49.0384
279.709	41.8558
107.078	76.431
92.163	22.4617
176.664	44.5332
284.825	35.8744
175.002	44.4947
214.714	32.5968
101.983	74.4465
197.117	30.0455
196.481	17.4864
245.228	84.1717
141.116	68.3203
303.843	58.6511
253.243	69.4885
27.3827	76.7254
134.664	48.2557
43.0833	53.5342
117.231	26.389
210.002	61.6744
175.76	37.8111
221.61	78.5723
32.7197	84.1845
296.808	34.4248
192.233	78.5693
274.811	31.603
299.38	28.3863
104.77	7.89953
178.899	40.2232
152.079	49.598
113.521	27.6919
266.67	22.3163
142.165	21.8355
20.6758	73.9668
259.544	61.9771
144.859	47.0139
59.3656	46.3092
321.536	39.5005
118.856	70.668
34.4658	49.0261
185.776	39.6744
283.126	14.4957
273.549	16.8541
284.367	73.777
156.486	81.8567
185.004	44.0174
186.806	73.6629
151.788	83.4536
29.6173	78.524
2.13307	58.2555
263.147	60.8443
130.587	48.8561
180.947	37.5412
178.265	38.6278
294.954	47.9434
208.209	46.9539
289.933	24.7854
359.178	63.3851
143.572	32.5245
269.371	71.5568
155.002	27.4808
318.131	62.6613
180.427	78.5652
286.814	6.4449
101.522	29.0059
33.0359	50.6295
103.933	35.8239
290.378	49.83
37.6261	0.0474701
258.124	31.0276
130.898	59.804
305.403	28.2099
189.685	42.9488
358.848	63.8231
242.094	5.10394
197.477	52.1627
165.091	49.6843
290.626	40.7022
35.6144	70.3313
354.701	47.6154
298.713	67.9777
19.2832	15.6811
30.5352	47.8694
267.709	8.0601
46.4547	59.932
197.777	64.2167
113.492	6.72102
328.056	60.9138
141.631	33.0119
177.717	80.6787
326.153	63.845
97.4598	25.3621
33.7245	50.5678
155.269	49.1376
94.1051	38.8694
268.455	7.83984
332.393	59.0918
50.0561	56.949
57.5113	53.8146
201.259	81.9406
6.6498	76.3006
55.2375	48.2704
82.2214	64.6909
38.9236	50.261
159.204	63.8117
197.771	63.4443
316.595	4.06328
134.395	74.4943
256.713	84.1527
327.083	62.0698
97.4405	35.3343
275.813	37.7063
134.392	24.6612
140.31	33.4029
120.786	49.6325
129.079	48.1152
232.884	57.3829
285.218	77.3937
60.4517	52.1856
95.1158	37.0774
25.0171	37.6199
157.008	43.224
282.733	2.39204
289.347	43.8201
307.861	53.511
199.444	63.7303
124.329	57.2765
233.496	84.5497
152.834	65.8643
155.245	6.06354
115.903	54.6943
10.6632	58.6062
257.474	83.3042
148.027	4.17865
28.1861	40.4902
309.631	7.9399
152.289	52.8416
60.1502	70.6399
157.721	52.1917
132.119	28.9458
62.2113	35.6269
164.756	61.323
276.192	31.7818
162.723	36.4087
183.957	43.673
120.143	76.1236
41.6359	34.7516
296.457	47.2839
17.4975	89.2032
155.992	43.7578
217.682	23.8066
205.269	70.5126
299.195	12.193
348.866	48.6268
94.5287	63.4798
29.6472	55.7524
27.7567	40.9942
284.032	46.3624
173.893	47.5542
143.559	35.3554
75.7712	37.1107
128.264	19.1598
283.988	37.2829
340.191	86.1757
145.514	34.4272
325.991	53.5822
72.1508	36.9703
133.975	29.6454
121.394	63.9062
278.589	36.9767
198.068	63.6675
135.121	29.3314
20.2866	70.6832
269.686	25.1251
268.036	24.6505
181.828	37.7256
134.526	34.267
174.21	32.4639
240.897	63.9638
108.025	3.6616
133.678	27.7591
289.874	45.9271
168.353	46.5546
123.856	67.4193
300.485	42.7026
110.272	67.4491
329.944	43.4212
325.868	51.1798
138.867	65.0609
332.438	4.39613
52.4699	43.8646
184.072	32.3994
281.341	31.3235
156.165	71.7095
231.996	63.1798
287.623	18.3642
148.405	16.1803
138.376	35.6307
313.914	14.3732
305.984	83.9171
147.347	71.6561
147.478	71.3336
102.661	58.1607
117.009	39.382
75.9806	67.0107
245.038	44.5237
217.27	49.0711
62.8023	55.1284
246.134	45.8024
340.402	20.0599
140.133	69.1491
275.908	30.2899
160.906	28.0368
165.372	56.0117
52.51	53.9531
156.147	19.5864
126.096	29.0011
82.9355	66.3783
10.9423	43.0318
131.946	26.4399
104.287	9.93789
116.467	31.8623
238.981	0.617325
141.121	68.0252
149.611	22.0661
218.972	81.7132
279.425	37.5452
128.884	25.342
43.0158	56.361
93.0074	41.0654
314.568	10.3812
17.7868	69.0637
122.125	79.8913
134.964	41.4504
139.243	27.7658
145.536	17.8803
120.165	61.5955
325.189	51.3747
272.485	48.8721
167.363	83.6663
96.9004	32.2119
215.244	79.0778
102.617	23.061
91.1422	60.5552
273.437	11.879
328.764	24.4304
188.564	55.3254
120.1	33.9091
183.053	52.8708
119.491	34.0258
290.31	38.8452
272.665	19.7146
16.821	80.4414
90.1925	60.4808
63.9466	43.5465
98.9711	69.3207
123.183	72.2882
147.225	15.7385
193.261	79.1591
14.5321	71.3012
331.271	75.3195
134.796	42.6946
248.572	48.7599
261.944	11.209
73.0157	50.2589
289.32	30.7906
280.148	31.9265
181.32	52.8327
10.1056	76.625
279.046	41.0786
129.769	43.6931
118.909	36.0399
325.125	71.7528
292.658	47.2608
203.109	86.7262
261.914	68.4142
117.69	36.4537
187.165	53.3086
110.34	45.6884
113.434	70.9579
149.954	72.0851
160.131	42.5759
258.382	6.92925
167.08	53.7411
247.991	68.802
168.26	49.7914
172.221	26.0828
162.328	43.0344
47.3288	62.9606
176.721	35.4951
312.384	58.1944
95.0134	18.7
95.7752	48.144
172.917	50.4504
221.196	30.0926
142.598	67.1574
329.394	1.62613
340.92	85.8022
286.42	37.3276
28.397	47.7525
188.044	52.7646
217.891	47.9949
160.984	21.6095
316.855	47.268
78.8457	58.6796
330.937	2.38544
184.09	65.2646
236.971	59.4357
184.763	53.2074
151.669	43.068
185.426	52.3478
53.2739	58.5023
136.016	25.0682
299.787	38.5275
189.176	62.3005
178.173	35.9899
84.7933	23.6944
277.546	20.929
134.888	62.8332
111.223	3.00141
306.226	21.6964
60.1107	43.0373
185.312	77.2784
346.915	54.971
291.834	43.1187
94.4884	43.2358
352.795	61.2018
167.791	46.6865
328.64	50.2117
273.914	70.9996
329.219	81.8163
349.268	50.8064
192.696	56.6797
47.8103	58.86
160.457	70.9673
292.534	48.0562
234.694	61.2125
110.017	51.9626
92.7267	48.0082
316.582	45.4843
279.231	16.0417
114.6	64.8248
12.3315	83.5283
79.1994	21.1547
150.975	41.2567
212.044	67.3134
125.505	68.2054
119.075	13.2905
315.208	58.5037
10.5359	27.1663
15.82	84.8421
322.647	34.7394
294.867	4.84409
112.798	68.2085
75.8254	26.2745
14.235	85.853
18.7367	52.3683
116.74	62.5353
295.854	11.6857
290.839	39.7257
25.2248	85.7834
256.868	47.8901
295.518	11.0978
286.134	77.2507
114.445	10.8321
9.21467	23.5455
302.576	43.9952
41.4992	72.9003
106.701	70.2733
76.6059	79.8638
180.396	48.4214
283.273	24.2039
324.397	34.0211
52.318	58.4767
157.404	28.7572
70.5458	61.5864
129.023	24.6366
329.975	67.4739
166.442	48.7725
311.508	10.6533
112.286	10.3015
249.714	62.2491
36.3137	77.2714
93.7048	47.0537
134.455	27.2803
127.056	52.6316
302.688	80.8174
234.784	14.1377
289.931	7.72159
156.386	79.1877
2.36904	11.4377
115.966	73.4779
143.206	56.5032
139.201	39.9594
71.1151	78.7068
46.4531	61.9432
351.669	40.6802
314.42	11.2186
115.772	17.1351
279.984	17.4365
56.7142	66.7614
95.5281	21.072
135.756	34.5563
152.121	68.9814
152.557	44.7008
269.733	21.2774
31.9665	78.9727
127.488	19.4497
133.813	30.6
77.8278	65.9702
150.261	44.4119
148.657	20.2756
157.773	63.2275
200.27	24.8969
186.032	62.9092
23.418	48.1062
183.287	84.2323
142.715	42.8942
242.252	77.0749
158.723	51.0291
200.831	84.9633
102.592	40.6135
232.274	35.4251
282.987	82.1283
76.0905	65.5465
148.201	64.5447
334.553	25.0076
203.574	42.216
36.164	72.3237
33.5479	70.4003
25.9565	69.0507
337.621	48.0142
66.5239	58.2041
315.529	61.1114
62.6395	36.8862
338.357	21.9686
139.309	30.6281
150.285	59.4472
155.369	1.02359
94.1894	34.6603
130.288	28.0666
11.6968	68.689
154.208	60.3723
253.043	28.7065
316.728	15.5145
92.7725	69.6092
101.288	14.924
11.4224	69.4054
46.6659	67.6827
282.119	26.0277
240.069	69.0817
206.028	42.8418
62.4173	54.4134
299.666	38.3321
242.124	16.6679
267.507	53.4408
312.109	24.0093
125.065	2.60696
115.436	22.7296
239.308	65.0559
207.6	48.5541
273.834	31.7646
32.2859	70.0507
62.9122	20.4289
81.1875	58.8316
62.8367	20.5488
214.784	41.8366
217.557	72.6684
227.371	77.7718
315.652	38.1293
94.0607	10.5018
213.164	34.4105
313.018	34.285
100.989	21.3461
93.3441	21.4543
248.189	50.9044
148.041	30.2872
95.9187	67.5682
262.034	32.3375
301.932	19.5588
261.041	21.3933
259.349	52.1685
78.8508	40.4652
316.412	32.5763
350.697	58.7346
270.623	9.81136
96.1819	72.4165
129.036	35.8215
95.9958	72.708
86.5991	73.7814
83.8175	73.7433
123.46	25.6223
191.654	80.1718
291.27	37.587
330.006	59.8729
259.187	52.0085
193.432	69.6422
335.261	65.14
259.176	33.8102
121.091	31.868
317.651	28.9254
55.4021	57.6276
129.32	22.607
165.508	66.0454
340.13	63.7474
32.7912	63.4879
192.522	9.98872
48.551	64.8105
336.443	68.2088
146.593	49.559
100.871	17.4118
7.19266	36.623
96.0261	72.5129
290.568	33.079
249.013	58.4273
8.38245	38.7209
193.877	49.9378
288.828	40.8557
13.6736	65.1826
197.763	48.3869
127.759	65.6307
116.604	67.0956
202.166	53.9012
26.6324	52.6247
65.1675	65.081
173.736	60.2634
177.485	60.0202
343.005	31.0899
70.7743	65.2892
88.7701	21.5882
243.08	24.2439
106.843	25.3376
39.5118	34.8931
107.783	24.9556
243.584	57.5887
293.89	21.8764
302.307	49.6254
343.887	60.4089
93.8693	26.2148
112.505	11.0721
7.78299	36.4814
123.035	2.18899
71.641	38.6977
28.3772	65.0041
225.087	76.4763
64.7674	63.0575
124.142	2.53735
241.273	53.9694
200.952	52.9094
341.52	60.4445
212.982	60.5163
169.925	7.95816
285.691	52.3647
167.515	8.90505
295.093	17.4939
171.147	7.17271
292.782	31.436
118.425	28.9237
184.047	65.4236
273.636	67.0159
297.304	13.8808
74.0818	44.6688
59.1488	64.5697
252.31	61.3801
235.467	43.2811
107.947	12.4237
350.764	57.1186
6.43436	69.632
240.06	6.17063
129.485	56.584
236.833	55.5783
83.023	37.8103
154.421	58.3669
328.978	18.7429
290.494	67.8576
190.85	19.2413
224.417	13.9197
266.799	8.15915
258.155	63.0252
186.868	65.4011
280.34	53.2334
287.159	25.5457
66.8418	22.9169
294.354	49.0694
75.8234	17.2758
95.4689	56.0925
258.035	7.27223
25.0047	57.8279
147.805	53.55
137.353	10.1176
313.117	44.4103
201.99	53.0524
102.258	7.69792
265.219	21.4607
13.2526	78.4653
145.88	7.72251
106.847	76.1008
98.738	8.27477
120.826	0.766663
247.117	72.536
234.189	21.9907
127.313	43.5763
302.207	52.4119
316.649	59.7604
359.974	73.5033
235.527	76.8795
218.55	55.9457
20.062	60.2211
255.357	73.5848
125.904	44.2552
97.7799	51.3842
294.239	18.5384
337.594	24.2008
130.965	41.9364
71.7574	43.9631
255.123	5.39705
103.744	56.1124
56.1087	42.7247
301.308	41.2586
290.283	62.9489
338.393	63.5198
85.095	51.9851
292.956	62.2852
130.27	22.5863
117.855	64.396
236.465	50.5154
274.841	69.9205
108.091	15.0221
166.652	56.5486
274.893	66.984
278.49	67.5494
156.454	12.0809
237.135	41.2206
237.394	85.2759
268.268	6.05132
265.061	21.0028
222.184	66.5854
83.1061	13.0073
331.308	68.7714
353.236	67.3349
67.4192	58.0424
68.159	48.3967
232.922	45.1544
110.261	76.3407
120.256	75.5514
237.259	45.5008
160.068	43.1761
293.458	34.0767
290.897	63.0058
105.152	54.461
239.217	39.7393
291.838	62.1961
185.612	54.8469
9.3987	59.0642
102.054	50.8739
339.137	66.7663
222.464	59.3665
125.983	43.3256
264.106	51.9892
137.468	40.6493
102.605	71.4517
9.4231	21.7657
55.5351	63.0665
275.393	69.6051
106.888	71.9865
160.553	46.3035
327.481	14.7765
89.4632	74.8914
241.093	76.0748
121.335	66.8621
115.563	65.8828
109.085	23.7587
289.41	62.8046
82.2814	12.1865
226.325	86.1665
334.438	20.0725
10.9225	60.6259
306.237	29.4971
136	59.0439
91.0901	52.6059
173.326	9.2172
109.319	61.852
274.175	2.14852
277.18	70.0807
197.234	43.2804
97.0375	6.18013
304.98	61.902
37.0166	17.2494
308.082	35.3514
317.268	13.0362
68.0671	79.9586
319.398	26.1851
313.831	63.1691
288.706	61.0077
21.858	47.5686
239.132	41.4791
226.018	73.4619
277.645	47.2202
284.297	44.0135
41.9974	51.9258
138.365	45.0934
197.593	46.3778
258.602	48.4107
83.2163	21.9473
232.222	46.4132
250.204	57.0175
333.918	64.9828
307.354	57.7801
154.317	53.983
1.58495	58.3758
48.1771	48.5973
164.864	56.6177
181.58	46.7756
77.9923	58.8571
7.27423	6.94447
182.443	48.6263
78.8433	68.3218
174.097	72.9439
235.308	60.905
73.0988	29.6435
233.736	46.5293
81.7245	49.3236
203.36	49.368
60.694	80.4524
248.369	69.4161
285.05	44.1255
276.677	47.1984
330.267	65.4668
251.246	18.3557
185.842	46.7329
162.651	21.5356
168.093	9.86048
208.682	53.4888
126.787	45.7021
353.266	44.2067
283.527	44.434
214.743	20.8527
78.0529	0.213554
40.2233	63.1277
139.827	58.7281
217.78	71.8337
107.848	33.1777
310.053	69.8705
6.45475	9.76123
317.64	23.4808
134.728	54.8665
205.936	42.593
212.318	73.4211
276.163	48.9395
257.967	56.1155
247.652	29.5028
68.4991	68.5262
269.119	64.2633
25.4427	58.3161
4.73206	64.2612
348.182	73.0334
70.5743	2.97586
273.666	40.8938
143.498	67.36
341.387	45.8468
163.28	60.3307
122.691	21.521
262.512	55.1391
142.996	66.2193
182.057	51.731
153.044	5.41953
207.248	57.2335
166.538	56.3978
115.117	53.3409
72.8862	4.99027
272.679	17.8415
263.765	65.2826
40.5127	18.7964
291.257	49.6018
151.109	76.5686
268.92	8.50894
262.979	62.4705
236.654	71.2386
122.86	23.2586
44.5603	11.1783
236.312	71.4481
207.721	56.8595
150.87	24.8474
265.283	55.1955
288.833	28.0702
296.526	67.2856
260.236	67.9435
341.55	72.8578
274.626	65.8969
19.4813	61.4575
266.56	54.3962
151	2.66689
123.178	23.2085
132.069	15.4905
116.887	73.8325
267.989	67.9254
202.318	81.8867
149.779	0.162979
51.7986	2.37176
179.292	11.9554
240.644	38.5851
353.499	31.8065
107.05	16.8914
115.341	22.5765
172.682	54.3735
309.078	45.545
100.426	21.684
273.244	40.8862
247.837	37.1722
70.3931	33.5061
131.152	14.9226
217.611	7.04752
171.856	47.7593
171.918	46.9825
11.4435	76.8557
105.421	62.6274
14.4106	77.1941
13.0737	76.15
275.721	38.6235
131.048	2.83961
108.436	81.3091
120.036	80.7213
272.807	41.5414
215.922	25.8861
264.312	30.4582
111.097	58.6587
111.288	7.86169
264.762	52.5031
145.681	56.8315
265.52	15.3889
160.603	60.413
18.4059	77.2743
189.077	27.0153
38.6167	66.7659
130.861	28.2584
12.6408	76.3893
162.529	64.1769
237.549	82.2843
306.14	64.051
161.703	62.9883
143.601	74.9363
268.676	64.5997
305.529	89.5412
212.956	24.4701
234.34	32.3823
187.857	18.404
250.682	15.4059
147.017	70.5626
287.545	17.9141
241.189	36.2569
159.181	63.5308
250.666	44.0057
3.61099	67.3694
30.6585	7.90224
205.72	64.7213
205.991	64.5151
86.535	77.0387
255.154	38.3174
217.461	81.7785
189.165	30.4875
12.3511	54.2276
58.1055	74.5935
338.171	57.918
214.146	6.79787
135.181	75.7603
261.32	39.2076
215.855	7.24261
