# azimuth	latitude
292.522	48.277
314.512	8.68126
311.649	10.3745
136.378	1.77921
134.547	52.1307
120.687	39.9303
314.965	73.0395
126.212	38.7158
264.877	57.1495
310.367	37.3613
302.997	47.8041
133.52	7.77789
320.603	43.4655
299.381	54.7214
133.043	2.22676
297.054	47.8215
310.04	33.7314
141.066	0.0896454
128.374	16.8044
128.547	18.3124
141.309	24.2091
305.912	25.5717
129.196	2.46146
292.265	68.4859
311.817	55.3303
132.643	12.7789
136.525	6.84535
307.459	29.3297
127.67	51.6736
131.907	3.47027
317.373	12.7449
328.542	60.3946
126.069	4.1954
313.203	19.7369
314.113	2.22932
123.708	56.0972
136.175	11.1708
315.005	27.6634
254.449	85.2074
311.204	61.9815
315.782	54.9728
127.854	43.6495
315.751	63.218
127.821	21.522
148.301	60.0394
280.401	65.4601
132.661	3.02209
306.349	18.8669
126.047	41.9358
124.384	6.19047
322.591	3.37571
304.809	38.4155
133.94	1.91595
311.787	0.351959
311.43	24.1709
311.958	20.2747
134.768	5.94241
308.377	50.632
134.364	2.90706
320.557	43.2613
307.803	4.01729
128.209	0.410301
141.962	25.4561
131.362	50.6745
129.516	0.633537
324.685	23.4623
126.739	29.8691
137.828	8.41804
127.012	7.45754
318.572	2.81515
304.301	66.24
313.125	43.5586
310.492	20.1802
309.067	9.8299
139.683	14.5223
143.233	56.2054
138.177	18.9296
312.624	8.18009
316.17	34.1555
131.31	15.204
317.655	23.9257
317.18	33.5397
311.32	1.94939
309.545	36.3038
141.012	26.3161
317.296	4.22193
297.68	54.1715
310.222	5.953
197.702	82.5551
136.98	18.2189
313.686	7.98354
316.215	20.2641
309.406	60.7102
130.449	66.1269
128.7	6.57929
154.014	68.5902
309.383	33.7566
136.723	20.3072
127.15	45.514
301.831	56.4842
133.291	23.5638
282.553	80.4227
315.06	7.80112
312.957	10.2897
123.159	65.088
141.872	21.9076
137.614	82.9645
313.942	57.8359
135.589	13.3084
136.733	33.4156
131.986	24.0864
135.54	34.5793
296.554	19.3841
141.036	65.6063
308.428	12.8281
127.323	50.4242
136.068	41.4528
128.172	17.237
319.349	5.84929
131.292	46.254
136.285	18.4505
309.503	33.5373
309.099	22.7083
315.986	8.0556
123.008	13.4932
140.264	48.7207
300.483	54.1622
139.218	1.83141
131.22	6.7321
310.172	31.4302
131.461	19.5515
35.7013	84.1478
312.899	11.8634
131.921	36.5957
313.453	0.634895
309.767	26.657
310.072	23.9066
328.997	19.8655
139.712	1.24702
137.397	0.903687
306.723	58.2779
320.971	39.2731
134.89	31.1208
310.7	29.5101
136.832	52.3068
308.213	20.9552
311.66	13.1146
308.806	15.1127
131.421	35.2345
313.534	29.2845
308.33	27.6505
139.845	32.7023
321.521	19.7417
309.273	20.5228
130.827	15.3789
311.566	59.7255
316.22	10.9956
133.606	11.3112
133.867	26.432
124.272	18.0828
300.609	0.628777
317.818	8.05245
130.44	1.3311
142.816	37.8047
137.584	40.8315
134.497	20.4964
284.583	62.8066
316.057	12.2507
292.83	71.7141
313.257	0.410019
124.71	54.7245
135.846	8.90149
311.659	0.312767
181.394	88.2506
320.831	29.743
311.121	11.9774
138.375	28.0457
310.109	61.9244
306.926	20.2585
130.432	4.34608
311.432	24.4634
152.828	50.0934
139.719	38.8185
143.881	3.53214
308.673	5.0176
311.305	5.72311
130.319	16.8938
313.855	31.2316
311.916	51.7953
267.833	81.5996
132.152	11.5477
305.294	42.6388
301.08	0.271698
132.463	51.8287
144.54	58.5267
311.861	19.7141
127.31	17.5026
305.681	52.3576
131.258	5.11281
311.39	8.36959
304.333	25.5245
278.634	78.5768
310.713	11.1555
319.181	22.5729
123.41	64.4292
158.275	61.2383
136.902	22.4401
317.948	28.3987
311.997	10.7199
312.876	7.53176
139.525	21.9138
305.346	57.3152
131.946	9.64697
310.913	52.6978
320.24	30.83
322.209	4.39817
135.805	6.50651
172.449	76.5144
311.858	11.0322
213.739	81.6042
315.972	13.2432
308.245	19.2985
137.312	57.8143
192.86	80.6695
126.143	27.9568
139.381	13.9749
313.45	2.58736
134.38	57.1374
316.657	25.1711
161.8	85.7246
262.253	85.4047
126.5	19.9548
302.659	16.3302
310.516	2.87318
144.796	77.0134
109.602	75.4243
315.546	1.1097
142.692	3.23016
130.8	20.5679
129.842	1.1981
305.787	14.4576
314.44	43.6609
137.957	38.4506
249.58	80.4923
124.211	10.2354
312.74	38.4221
304.004	29.3937
150.858	62.5276
132.47	0.287277
320.676	32.7908
303.403	7.69561
305.107	1.48052
323.674	50.7251
309.41	43.28
299.999	43.7826
128.912	22.0323
129.508	9.13819
318.377	65.9489
138.555	11.9029
304.544	1.14451
152.573	37.2562
138.82	17.5493
137.162	27.7323
308.928	23.3034
313.095	0.257339
129.033	20.8308
135.681	1.83212
132.125	20.477
141.891	44.8892
115.555	68.9725
131.195	7.84198
307.203	9.12363
311.816	8.12318
128.876	2.67308
314.42	29.7536
128.794	57.5387
129.812	3.43608
131.616	11.5874
310.986	24.4867
135.656	32.1032
319.517	14.1208
347.214	68.1194
305.492	2.82272
314.812	14.9866
137.236	24.8199
302.462	51.7415
310.965	30.7814
314.434	14.2331
312.311	35.637
305.954	32.3146
310.663	19.693
176.758	72.7044
131.864	7.73809
135.511	3.30637
136.199	14.4851
314.914	6.45168
295.51	61.3654
129.159	22.5944
316.2	2.07028
308.288	33.4048
136.737	3.31113
305.166	84.4185
161.117	77.4802
319.558	8.07854
307.358	12.3915
314.455	32.392
132.799	6.72732
303.356	46.8202
142.732	56.3364
147.524	10.3305
332.559	72.8254
133.724	6.64792
316.203	30.7991
132.578	39.4463
132.594	36.79
140.479	4.37584
284.622	76.9846
288.175	87.2547
306.385	10.0223
328.001	70.0412
143.863	34.1145
318.93	15.1535
318.226	0.926964
123.246	71.4082
321.992	5.34967
307.74	45.9898
99.3065	84.5579
295.887	65.26
315.025	22.9299
308.284	11.3618
320.734	61.0373
308.884	28.8393
301.688	82.2868
134.347	51.2231
134.141	14.3106
135.27	5.49468
147.6	0.289742
137.413	52.125
125.922	36.3324
319.356	31.4631
136.014	44.1995
132.617	2.48599
309.326	44.234
307.483	24.4335
141.615	75.1204
123.93	70.5623
307.211	25.0741
125.449	41.0405
302.526	70.3182
308.51	34.8607
132.324	18.1148
303.173	2.45054
308.171	21.2255
137.202	6.08855
161.209	58.4584
314.247	19.2878
314.251	8.66257
294.432	78.5166
119.123	41.7917
314.561	29.8159
313.099	38.3981
308.192	12.1424
320.217	52.6114
311.192	50.2944
135.428	4.95184
115.046	63.6767
304.078	16.9001
140.925	14.6303
157.057	65.6279
324.529	5.45004
137.972	6.4914
135.008	28.7438
318.587	0.534569
316.729	27.4525
315.657	8.76888
323.748	7.62608
314.268	42.5243
311.336	7.6361
320.024	33.5899
355.309	84.5079
317.824	27.6571
305.515	72.7829
315.173	18.1157
310.402	4.65178
128.492	16.7219
311.155	19.1565
311.238	1.50255
314.455	6.16614
320.011	6.40151
138.224	33.0352
143.174	48.015
129.253	79.6932
315.499	53.928
311.868	53.3586
132.869	7.16766
129.243	56.6164
310.035	10.1338
303.801	52.5544
125.336	20.1248
45.3168	79.8635
316.068	5.70737
127.221	60.652
136.441	37.5523
127.548	18.9288
311.319	52.5411
129.196	15.7139
310.974	47.8611
123.357	34.0371
319.185	20.1462
136.197	18.656
313.155	10.8944
138.353	16.7753
131.7	54.2276
307.322	29.8968
130.602	16.9878
312.911	19.3588
309.979	33.8633
137.215	21.7075
310.487	6.07408
320.32	4.50224
135.022	25.5675
158.669	83.2544
137.894	11.2551
311.937	9.10318
126.011	7.31253
309.377	8.94804
142.376	8.70377
314.906	22.2824
316.804	23.5917
132.219	27.285
135.812	29.5194
313.347	36.7898
304.564	13.0005
137.809	56.2927
127.248	52.471
318.95	3.85587
29.6314	79.6621
315.93	29.626
135.054	14.5597
132.796	46.1613
318.611	0.944351
300.045	5.19968
294.858	45.4211
313.79	12.7805
306.509	21.0054
310.088	37.5469
138.406	49.4945
312.056	10.2891
317.548	10.7564
315.023	32.378
307.917	30.0433
282.322	86.2969
315.387	17.1927
127.563	76.7904
141.418	41.4543
303.512	8.87523
134.067	9.55583
308.03	14.7936
118.68	31.902
132.7	16.3297
314.767	32.6957
307.83	44.5784
132.86	5.29653
131.414	20.4792
314.65	0.181572
127.509	2.00404
324.17	16.5978
317.023	6.79208
132.276	45.5535
323.073	21.1247
131.437	43.1341
316.105	1.86646
154.821	58.0818
133.363	58.8114
307.771	8.45518
128.583	68.5316
145.295	64.1833
145.715	8.2992
318.74	57.412
311.527	5.64764
142.485	10.1912
136.794	21.0231
306.134	24.9912
316.337	21.4455
124.856	40.7599
309.863	22.1355
132.548	57.4159
145.742	9.7753
324.458	29.6325
304.948	13.656
320.108	36.6284
298.659	62.0799
308.245	8.10439
314.344	0.189598
126.668	67.7713
309.392	21.903
143.012	66.8375
126.677	17.8752
137.289	40.9646
135.727	65.1699
302.062	13.4465
309.665	73.1906
135.923	64.8621
135.507	29.036
131.505	26.7112
123.667	64.8893
257.109	82.3528
306.199	10.4297
334.701	61.4128
307.576	17.4631
313.553	30.7071
329.288	58.3358
131.421	23.3234
290.662	68.1241
101.88	73.6813
320.068	62.2429
133.519	24.494
315.998	12.4703
132.907	2.77361
313.345	26.7389
316.532	2.97901
129.675	15.6992
145.06	59.1694
303.09	52.3985
308.44	53.2551
311.595	57.0461
314.165	31.4409
315.687	4.15061
132.224	26.7609
117.105	63.2397
307.142	38.4823
127.056	2.88165
122.473	35.5812
318.74	39.5901
315.871	60.3787
309.23	20.9908
311.379	8.30276
332.701	77.4997
298.188	65.8246
319.68	25.1901
135.896	31.0412
321.714	67.0319
130.666	11.386
138.245	51.9135
321.386	19.402
128.483	27.2953
313.766	13.9743
145.937	57.5653
127.892	50.3521
312.769	23.7766
311.048	55.3749
105.756	79.7771
142.412	25.3455
306.42	34.0364
140.432	17.5935
297.408	53.5145
311.579	11.7651
132.3	23.3695
115.91	60.3363
136.543	12.9069
127.22	1.54353
321.021	31.9489
313.54	6.68893
303.557	1.5846
305.074	5.19318
314.28	23.0548
312.89	47.6761
138.929	7.903
136.835	23.5711
322.214	2.37671
128.275	17.5267
307.66	5.69415
313.946	12.9917
136.752	5.19296
305.618	48.5331
138.168	30.7255
128.781	1.8871
135.369	2.63982
314.107	25.4958
315.881	26.0043
309.339	15.5785
136.205	21.6961
297.462	61.3868
133.919	63.3944
319.4	50.9083
130.492	9.44968
149.875	34.6546
128.817	28.4994
321.432	4.66075
307.956	16.3292
304.601	22.0518
316.91	2.37583
321.285	32.324
112.141	64.394
131.762	64.2547
308.086	13.2042
312.282	17.2318
123.907	0.332123
137.056	9.12
141.456	27.1466
134.789	10.9384
311.73	56.8187
116.639	4.91882
133.83	16.0803
144.397	34.8784
317.204	5.78743
299.986	0.388565
126.371	19.9759
307.901	19.2145
134.037	28.5908
140.618	6.03227
316.327	28.1279
145.216	47.5014
323.172	22.6807
145.894	13.4539
319.169	4.3828
123.908	39.9312
141.77	34.146
141.716	18.9443
142.522	22.7958
343.261	78.581
164.906	65.0708
123.888	5.81353
322.655	5.34388
140.24	27.0802
134.993	2.2376
322.906	10.2939
125.506	73.5742
95.2269	78.6479
132.298	4.28476
316.654	41.7567
315.922	43.6262
137.453	29.5885
320.097	0.778221
130.261	71.855
191.605	70.146
304.852	24.7683
307.941	13.7718
229.176	82.658
139.015	8.96539
132.302	26.2918
138.448	18.7633
143.546	52.7743
133.033	4.89224
144.729	30.3949
134.603	18.1251
311.722	21.6822
119.568	64.6248
316.017	18.6725
310.506	12.7635
127.286	19.7708
164.828	76.7193
293.702	38.0727
131.557	33.578
183.881	73.6972
328.473	27.242
138.127	43.784
127.047	47.3077
150.551	72.1902
314.665	5.81418
130.88	6.75797
119.725	70.6667
310.355	3.93131
131.351	12.5352
133.376	27.7762
317.316	35.3078
325.915	34.8147
311.796	12.9309
325.585	15.0474
319.243	13.9596
316.451	5.76385
137.071	18.9712
316.345	21.2219
317.502	2.85028
309.678	28.2051
322.884	11.5701
131.363	26.8205
147.514	44.1077
132.061	34.5219
124.518	16.0001
310.393	0.713486
145.354	44.0214
126.415	17.3404
128.157	82.6199
332.716	9.36852
142.321	14.3766
312.935	32.0253
144.48	4.38976
303.385	10.9245
136.786	2.53772
317.659	34.7322
137.89	16.1086
294.389	44.4771
321.384	0.93911
311.779	24.7373
313.014	70.7396
315.885	16.2093
310.698	26.2176
305.6	37.8468
311.998	36.8086
306.9	31.6393
322.213	30.6601
318.537	5.36137
128.501	30.9245
304.607	53.4527
137.919	19.284
316.583	4.08469
313.511	37.0039
304.971	46.1076
319.047	34.6098
312.324	17.7125
150.815	66.6901
136.694	7.1847
313.602	9.52185
134.179	7.25868
134.072	18.2591
138.687	24.3051
326.41	12.6724
298.506	78.803
301.469	48.1704
315.781	6.3599
147.579	14.3221
144.479	52.2419
131.497	10.8172
324.779	28.171
300.554	41.3967
308.402	37.9934
315.098	6.35756
316.416	43.2921
139.396	8.41851
324.494	35.2104
130.568	15.4962
133.869	0.961266
309.37	52.0573
314.879	0.799545
143.162	15.8888
129.065	21.7577
135.351	70.1561
316.664	21.3278
141.82	23.6791
320.811	53.6674
278.23	70.1044
335.076	67.4123
133.515	31.6853
133.414	6.71305
121.802	20.3638
125.995	77.5456
308.615	45.0124
140.156	10.8039
313.563	46.5115
325.587	11.303
148.554	47.1299
128.553	34.6568
310.244	50.6308
133.94	20.8857
288.826	78.2703
306.716	58.6844
314.625	4.43934
310.536	2.21883
128.37	3.81601
128.988	8.22203
139.954	18.3376
306.655	22.2162
317.011	23.0821
301.923	43.7848
139.732	24.7373
316.151	15.9405
288.616	68.837
181.322	72.1532
126.378	5.66377
129.245	34.3352
302.854	40.6311
308.107	15.8499
140.439	26.7761
308.384	12.0881
133.889	22.6879
132.061	42.074
130.263	53.6395
308.167	11.1085
308.741	9.86812
133.101	29.6977
132.762	15.1829
132.623	16.3286
303.145	85.5863
137.49	8.002
311.27	13.2474
312.969	6.47019
237.762	86.5429
139.896	31.3279
317.118	10.3601
132.96	11.4902
320.526	12.1072
144.865	9.50109
312.771	1.81364
305.641	45.9567
132.078	4.75002
124.572	13.6643
129.534	49.3882
151.368	17.8581
130.161	10.3033
310.418	54.6915
133.678	1.59768
309.177	7.91331
295.259	45.9127
123.576	13.9778
306.056	24.6592
139.52	35.6156
315.171	10.8679
149.526	66.2254
311.364	57.9206
318.398	26.1814
317.175	1.55799
134.53	0.923424
311.32	72.548
134.633	30.9784
142.47	9.4402
314.393	35.7911
141.149	30.9631
312.046	31.8038
310.93	6.74444
123.231	10.8091
127.855	22.8967
313.898	2.27512
131.017	12.9459
317.134	40.3872
127.191	29.1476
132.594	15.6262
139.416	37.3156
296.665	21.6167
319.401	31.5998
131.126	4.27456
301.83	18.7185
310.855	29.7257
317.05	3.14163
321.744	14.5294
127.488	17.28
319.805	4.42323
134.215	32.4518
324.496	34.4628
320.111	15.0236
134.224	38.4412
322.366	19.5481
137.363	10.8755
150.398	69.0608
121.965	7.18222
288.141	63.0959
137.782	31.1991
318.285	39.5898
131.211	6.83298
147.489	12.046
311.899	28.3521
142.179	27.1699
298.085	36.8412
138.236	11.8099
118.047	63.4757
309.694	40.5458
324.497	26.9459
324.02	26.2338
117.683	40.0318
133.769	19.5628
138.623	51.7881
130.451	8.46717
131.907	56.2876
135.414	10.2932
321.026	8.81836
127.229	0.735329
305.99	15.9924
319.22	15.9674
315.353	75.5795
131.188	25.0829
312.962	11.2557
130.265	69.2692
315.477	7.38424
129.949	27.3814
311.249	71.8864
140.852	24.0188
135.894	2.72144
116.107	58.6422
313.561	7.53828
145.708	7.79343
298.518	59.8316
302.756	33.6289
317.905	8.30061
293.606	66.4542
119.246	52.7694
315.731	10.4781
311.009	13.7796
134.165	23.7356
128.597	57.9648
131.212	16.4889
315.178	17.0649
132.984	48.224
314.212	13.7391
310.972	1.40827
313.871	45.6398
130.705	61.547
320.911	12.6017
137.339	21.7883
106.479	76.915
192.041	84.1077
319.739	24.5681
319.43	24.8309
340.644	76.7637
320.643	27.3988
312.654	26.7204
310.188	6.70141
136.059	5.35828
289.071	78.6734
313.495	25.0103
130.649	3.13322
314.536	5.2231
133.884	9.95071
320.837	2.95964
317.785	34.8975
139.325	24.9958
132.531	14.1819
319.961	20.1686
140.234	5.22694
110.321	74.1645
145.014	3.12993
132.229	40.6305
309.976	55.2512
314.973	19.146
331.678	18.6286
136.033	21.7806
140.862	24.7434
296.397	47.5182
136.512	40.248
132.959	26.3261
136.574	53.1394
133.993	9.34241
129.85	33.1585
241.548	82.9612
320.344	9.80972
309.151	59.0161
177.759	80.251
320.444	14.7717
140.807	31.1777
312.401	46.1576
120.788	74.4186
314.522	20.3585
317.767	15.4173
298.167	41.7767
309.722	28.6705
140.538	57.5492
307.867	43.7815
137.57	12.611
314.666	4.70658
315.18	22.9338
311.263	37.8886
129.649	14.4215
131.28	20.1039
317.784	17.2592
318.569	32.8685
308.572	23.396
138.447	1.68121
312.678	13.8857
137.022	81.5951
133.087	36.9684
141.021	9.73159
309.725	5.22696
307.291	4.95437
313.059	1.48799
133.649	10.5443
326.571	2.24073
137.147	2.35477
323.964	16.0693
315.029	13.8932
150.651	74.8974
318.742	16.4416
140.964	59.8615
128.988	16.4473
131.869	30.2327
308.319	21.6766
153.312	74.447
311.953	25.9866
307.659	3.28194
296.055	72.8404
121.563	35.4299
129.485	48.7823
150.34	68.0797
314.096	12.9312
308.173	10.7207
315.717	9.72488
312.938	1.62
312.901	29.2914
314.827	22.0587
312.676	10.1126
128.75	18.523
123.366	42.6906
325.957	58.7459
123.557	9.83222
317.249	15.7022
125.285	77.7009
131.396	21.4367
132.588	2.04398
306.446	46.6013
307.916	79.0723
313.797	41.3998
316.002	5.17436
313.122	12.3477
143.237	15.6748
141.196	7.18404
315.202	7.54784
133.257	45.5341
138.277	11.0938
308.718	9.42445
315.853	7.39968
126.406	4.49299
307.929	13.3057
312.947	32.8296
130.065	14.8791
132.085	6.049
319.982	29.9933
147.844	58.0746
293.169	70.6889
135.717	33.008
133.718	22.4525
312.914	15.9717
309.588	10.8714
128.19	24.9575
316.893	31.6431
164.084	38.0527
141.092	4.87234
132.662	19.0521
305.5	2.94318
135.282	9.53883
183.657	80.92
130	25.0913
307.535	43.0218
314.214	13.4852
316.163	21.1133
307.71	19.571
134.018	10.5175
143.95	17.5424
13.8612	87.2415
131.406	0.970161
309.943	19.3796
306.221	58.2553
315.714	30.84
140.71	29.0106
137.913	17.9682
129.511	30.339
312.616	4.12605
307.324	24.5769
327.345	52.0809
313.87	6.47897
128.079	13.6104
67.1421	83.5702
309.118	24.4958
325.161	13.6117
312.641	30.2094
133.618	14.2426
317.998	33.6432
133.851	7.3937
300.837	66.0551
129.092	5.07507
187.945	87.0899
132.243	2.67905
317.689	12.4566
315.943	45.2105
320.834	29.5367
330.552	38.1474
313.443	28.0234
133.486	59.9
125.564	14.8601
120.044	34.0391
242.647	84.366
143.599	36.8661
124.35	23.0743
309.976	10.5482
314.736	1.72049
296.663	37.0237
310.611	27.6853
311.022	14.2573
299.836	83.8416
125.879	4.04154
301.713	34.3805
133.571	20.2889
308.306	23.373
129.29	1.9312
313.912	57.8863
301.712	6.25912
139.083	38.7932
289.3	54.7602
139.278	51.9573
123.327	3.47957
134.808	0.113609
131.295	5.5654
310.914	3.38132
133.251	51.763
304.468	12.7322
296.065	75.1465
312.907	20.3858
139.248	19.839
317.394	72.9503
131.924	12.5625
312.488	41.335
292.699	63.9477
326.245	59.6474
141.098	54.7401
281.516	72.7248
307.353	57.6526
137.301	55.7711
156.835	72.1583
307.606	55.7346
314.276	18.6125
127.837	9.39174
133.517	21.0846
309.97	59.6589
136.689	34.8402
138.089	0.678894
313.764	3.26112
308.823	7.11498
307.79	29.7812
136.887	46.6433
312.917	45.0958
126.644	33.8333
143.366	13.2113
141.548	73.8265
125.265	27.6666
306.646	53.3308
133.101	2.39205
141.009	82.1279
138.429	7.15845
143.547	28.5068
295.893	63.4715
315.574	6.48903
290.77	35.5666
135.811	43.4984
135.237	49.4502
140.951	31.6832
134.224	23.5501
127.964	6.98881
129.661	11.8486
289.849	71.7496
154.303	73.4173
302.607	22.6744
267.392	83.0692
137.039	46.9962
305.454	14.3871
132.982	11.454
136.626	48.0439
138.435	9.33762
309.426	10.1732
275.231	68.9372
298.82	71.6102
297.547	56.7973
320.796	39.9741
298.724	68.97
231.215	80.4936
300.555	51.3612
134.132	5.60875
130.507	31.7399
144.692	56.683
127.488	11.3505
317.812	26.3046
316.401	33.469
332.574	64.5427
316.806	22.6927
134.411	1.2942
313.899	1.65561
15.3809	81.5427
309.097	53.0846
142.826	62.8776
139.683	42.42
324.722	13.0214
307.43	68.0749
139.856	36.9752
136.755	13.5478
128.444	14.4916
306.945	27.1709
126.688	76.1701
299.877	54.1497
135.313	4.81801
133.034	7.01195
317.267	11.347
143.477	41.2793
132.157	18.2069
325.685	48.6459
136.542	60.4682
307.81	52.4403
126.615	53.6488
293.342	54.4157
317.595	30.2992
127.088	23.8896
176.215	83.0488
308.965	3.36713
309.854	26.9128
310.422	24.2568
293.283	78.0528
154.869	51.8858
161.904	71.2474
198.531	83.3589
133.831	41.0799
312.41	2.8442
217.53	83.253
315.35	19.3529
144.54	29.4308
0.134538	74.4337
314.149	42.6288
128.835	58.3815
313.956	18.5403
304.747	64.3331
310.857	28.0762
304.584	19.1255
314.76	31.1235
127.816	20.0167
134.021	17.0426
140.77	45.7539
319.058	51.7793
129.64	42.6835
135.706	12.225
328.345	67.6866
295.447	74.306
303.396	14.983
312.635	2.0853
135.569	16.2838
126.213	28.5829
127.944	8.10575
304.621	15.2446
133.298	44.2575
166.865	72.4403
132.557	15.5015
139.088	34.2162
304.372	12.7761
306.921	19.0346
320.667	16.6798
310.06	28.4945
327.068	7.05398
314.104	2.66664
317.666	40.7204
307.874	54.8794
134.806	64.7049
311.621	3.88586
306.011	18.8783
308.821	13.8516
135.014	6.17126
137.134	56.6981
315.062	69.3091
306.429	52.9785
130.624	22.4757
135.386	67.1594
303.306	78.3353
314.129	18.8067
133.407	35.4001
115.465	69.7137
136.284	31.8513
303.996	17.9354
138.017	40.0452
131.305	22.7981
119.258	73.6425
309.233	47.321
137.412	56.6504
312.504	8.2272
130.71	38.4859
136.343	36.3775
133.663	15.1279
128.985	7.11875
309.305	6.96349
313.388	13.7486
140.008	3.77435
125.867	9.25387
154.601	85.5553
146.658	67.1227
249.372	67.8854
317.347	10.4393
139.557	35.6585
141.48	48.9914
300.35	8.64597
306.384	15.0111
314.026	23.4819
130.685	29.3248
129.38	9.14723
302.101	48.9174
136.012	54.7416
134.043	32.0896
316.7	71.1548
130.301	71.8011
138.1	61.1123
313.085	54.9767
151.437	72.7763
305.055	36.8547
298.349	34.6344
338.408	86.4444
132.851	12.2874
308.25	49.9991
130.687	8.98737
126.992	20.1288
139.089	12.8836
135.729	19.7247
129.308	53.8732
134.344	10.8055
312.113	15.7391
143.563	68.6118
310.513	3.45218
131.612	29.0048
135.181	22.5919
134.411	22.2984
315.171	47.1528
134.283	9.13554
306.338	58.7651
137.432	32.1502
314.097	25.0835
67.3017	81.0971
131.805	12.3733
131.496	9.88442
310.98	46.898
314.853	24.9249
141.428	29.9387
297.795	83.5558
133.952	33.7796
134.188	0.0958633
132.828	14.8876
140.857	26.0649
289.102	70.0622
132.427	7.78082
317.035	0.277504
305.646	70.5888
132.726	3.93478
133.676	30.6353
131.981	35.6476
313.983	61.7299
319.857	11.9471
123.946	63.5702
128.7	24.7012
135.899	34.5847
343.801	76.2239
125.879	41.2788
137.814	30.9663
101.663	73.1776
135.736	24.9419
307.385	36.5626
124.251	37.9726
140.093	35.1299
126.222	30.6283
122.179	60.9607
320.168	73.3676
317.333	2.91126
311.032	24.5963
325.151	75.2611
319.837	7.74046
320.929	8.98047
119.375	61.3644
309.612	22.4448
316.172	11.357
297.588	49.4941
303.392	39.6698
144.303	34.5266
139.398	16.6096
308.039	11.3996
307.519	23.0361
310.615	2.74839
313.641	4.81353
312.263	17.5947
323.936	26.7557
315.502	2.55468
141.109	5.83621
133.377	67.9389
308.792	50.5848
130.616	22.0796
115.861	20.2126
124.892	60.0987
128.015	16.227
212.931	81.4192
329.568	73.9728
138.778	32.3267
316.594	17.0686
133.674	39.8833
314.613	21.9776
132.528	48.939
322.693	75.0929
312.546	8.58994
20.8259	84.1303
319.72	3.90361
305.549	18.1223
132.283	0.329605
128.881	13.85
143.947	43.1814
145.747	25.4933
305.679	43.4836
312.472	20.5799
134.032	36.5861
132.459	20.309
110.678	84.4944
330.441	75.2347
320.283	14.3497
131.815	13.14
138.936	36.2408
145.056	58.2111
135.136	3.97575
135.388	5.68951
313.212	24.178
320.041	17.6756
318.239	3.47699
316.223	24.7645
300.109	46.2401
121.905	7.9995
138.107	36.2018
139.849	38.9306
315.74	29.8367
130.623	23.2096
183.261	80.2923
137.709	31.249
126.676	12.5052
307.033	22.7889
151.565	79.5609
307.709	32.6622
318.344	46.7459
125.371	61.3982
320.483	15.6181
321.229	13.273
314.836	30.43
133.743	2.16301
315.851	11.4525
137.952	35.9313
305.379	65.7825
312.477	27.2842
319.56	14.395
132.363	7.2606
316.01	20.0304
323.544	13.2936
256.754	77.7327
285.528	61.8851
313.351	31.3495
143.942	24.9289
304.536	12.9691
316.875	9.89271
126.868	15.3382
313.46	12.4338
310.958	6.84071
319.052	5.25372
306.233	12.805
302.589	17.7027
312.52	2.94442
307.023	25.4692
321.817	2.61112
129.65	9.11948
317.99	27.1595
317.49	33.6287
120.998	0.00985718
137.901	7.52277
317.627	7.84722
123.996	25.1283
126.978	19.3771
297.653	68.7315
131.213	18.713
132.562	14.0107
142.032	56.7499
145.176	39.4475
126.618	22.6891
233.471	77.4212
319.098	58.6233
316.546	8.98142
147.067	50.6365
125.123	13.6055
140.155	23.0134
128.259	11.8635
3.17062	81.9106
138.471	10.9181
139.261	7.26867
140.514	12.5374
133.016	37.6916
122.965	13.492
318.377	22.9616
136.006	16.9832
303.996	66.9248
135.946	39.9405
318.149	2.41968
312.765	15.0706
133.4	20.493
323.981	6.07404
318.667	18.1304
144.122	57.0165
318.98	22.2708
137.319	7.63686
139.854	64.5462
301.37	1.28937
317.957	4.77287
125.634	0.407936
138.319	3.07069
316.69	11.6685
317.001	17.2601
301.207	69.3931
134.147	6.02312
136.09	2.57938
313.459	4.73289
148.767	22.6862
322.295	28.1672
323.087	38.553
297.763	48.3801
283.85	38.0713
322.685	39.965
130.57	31.6745
320.112	31.1582
133.054	26.3092
129.021	14.8111
299.36	70.9798
323.972	6.47398
312.071	25.6964
312.678	22.0906
321.866	61.7972
318.679	14.9601
139.698	64.8948
130.831	6.16513
305.981	42.9394
317.253	37.7727
309.79	10.9853
316.384	6.84274
127.385	0.793571
326.451	3.61656
318.981	6.68301
277.397	59.842
134.415	22.7134
307.282	22.4762
294.656	4.9585
231.505	76.2714
326.782	49.9962
130.108	15.3966
288.051	51.384
313.109	36.141
327.703	37.3736
132.907	16.08
136.298	35.1233
308.066	17.5988
303.453	14.4752
322.27	63.7669
315.336	36.6707
133.377	12.461
315.579	9.05478
135.45	14.341
312.015	2.00313
141.715	36.9149
319.588	21.1648
124.49	5.43479
309.277	4.17493
326.787	13.694
136.109	7.85499
132.834	11.3008
301.757	36.1842
320.633	19.7874
312.266	18.4925
141.342	26.6705
132.859	19.6806
300.832	7.38696
313.305	2.74017
317.796	46.3843
161.206	74.5956
128.928	84.2278
313.291	0.389175
147.278	31.77
289.28	71.893
124.665	39.2656
305.849	52.7421
139.728	21.2339
132.193	4.45052
138.19	27.8413
305.594	4.52954
296.527	64.6475
128.77	26.4656
139.725	55.7546
125.689	18.1211
305.443	51.1627
133.159	18.6739
134.586	7.44796
136.757	33.2298
311.28	35.437
309.956	38.3014
135.223	13.0474
130.143	48.2444
137.169	2.52075
312.463	33.8012
147.372	24.4879
127.666	5.18629
310.744	26.1931
139.104	24.7637
311.283	3.5062
323.51	80.5318
314.671	4.76749
138.841	24.4597
121.659	22.3671
138.185	3.50046
322.355	53.2065
307.571	51.1311
131.244	22.7149
318.934	12.3374
316.933	16.8636
133.322	9.02085
126.406	2.97245
313.453	22.9081
134.786	21.6451
130.627	27.3319
127.556	6.06752
306.494	29.8264
140.691	0.275879
134.842	2.81445
312.016	9.78033
140.406	70.2657
318.919	39.4003
298.594	59.6135
133.193	28.0569
317.319	4.86344
139.004	40.2877
309.942	3.12144
312.68	7.03577
122.733	1.75737
313.894	24.7766
302.049	77.8007
311.174	66.2503
314.857	6.60723
263.361	81.2839
141.388	26.7568
303.311	3.06229
308.532	55.4959
318.308	2.48933
304.576	36.1804
308.801	10.4183
133.45	3.99407
141.427	18.4167
135.528	45.9035
135.679	10.6591
143.566	40.4471
316.658	29.8234
324.336	8.14883
108.092	80.9488
150.772	23.9129
321.375	43.6738
129.253	9.97644
308.35	10.2588
312.254	9.45475
136.866	17.9992
136.321	32.4886
307.303	0.263741
316.006	3.22049
297.735	57.3846
134.622	15.1247
318.223	31.6509
304.235	62.0235
161.553	54.4964
135.476	46.5662
263.727	81.5717
127.722	33.5652
315.152	2.82506
316.546	9.05313
127.295	30.3646
160.492	73.9612
131.626	25.4592
134.398	43.3553
137.963	12.2894
311.762	28.6302
304.664	14.736
133.032	27.1966
320.76	3.72474
133.462	48.6714
288.459	78.6979
309.72	70.0093
308.431	0.213394
131.731	3.03701
138.385	32.0487
289.512	81.865
148.338	6.70087
308.169	42.8103
311.9	9.70602
304.867	30.4417
313.893	3.77621
312.17	5.37815
134.84	30.1568
135.655	3.12743
315.529	6.18745
309.963	28.6493
134.862	41.9556
134.003	5.90295
143.101	27.2236
136.892	39.4497
301.057	58.781
309.401	5.51414
130.754	24.0117
311.86	25.5714
131.888	8.88628
308.207	56.3488
311.391	3.51835
142.107	28.3731
311.143	29.1934
321.817	75.8493
302.079	61.6115
312.432	45.2772
315.54	13.1666
312.661	7.51539
304.99	4.24354
138.334	48.5619
134.419	6.57281
135.29	21.1497
308.739	7.15565
312.384	13.8568
308.948	40.7566
133.277	40.8342
132.602	19.2017
136.148	20.9104
134.586	12.6682
134.944	30.588
315.688	50.8021
130.144	23.5189
126.097	4.17721
315.18	3.84851
123.146	49.3916
318.561	36.055
154.402	73.5653
136.386	32.8973
112.741	69.7275
308.108	70.069
310.672	2.25999
308.242	58.5623
139.477	10.3657
297.618	73.8336
144.621	41.8571
323.943	27.8744
139.034	1.88642
131.103	49.7241
111.533	55.9685
319.485	35.3134
337.233	85.0863
310.589	21.959
128.981	15.4068
318.927	16.6697
303.34	8.81064
135.505	24.8884
138.297	20.5471
310.34	11.6128
126.453	15.2096
304.565	27.1928
315.984	4.51691
129.947	24.4612
311.055	39.0451
320.51	30.9277
137.089	13.8591
302.238	59.6967
308.295	41.5303
133.043	18.5904
147.081	25.8529
129.326	2.47356
317.562	37.8022
125.658	53.4134
297.209	65.2714
320.196	23.6448
116.861	15.4407
314.204	23.2593
128.451	13.3252
133.505	6.86724
311.924	8.32175
114.344	59.7347
302.377	23.8413
119.567	6.6487
336.72	78.8629
318.77	0.649017
312.243	65.5929
321.26	3.17527
134.743	64.8994
309.721	55.9711
304.891	21.1796
134.232	32.105
310.622	14.2407
309.873	9.19016
314.354	2.20773
134.267	46.5006
312.701	2.3221
308.266	22.5043
318.167	17.9075
165.292	72.1794
307.781	61.3757
305.71	18.3156
147.011	44.7374
314.451	63.9945
130.775	22.3524
140.725	14.3402
312.871	1.27824
131.969	1.56196
146.692	72.891
304.905	62.4824
319.847	12.7893
313.101	21.3026
134.065	4.91156
307.267	3.21484
128.073	21.0139
130.318	19.5935
309.065	65.835
298.503	19.5282
140.416	71.5716
303.573	72.7179
133.177	70.6276
125.719	66.4203
316.899	8.11923
165.465	70.9346
305.539	41.0574
314.754	2.60336
316.632	25.0944
108.422	73.2964
129.216	8.30078
345.895	66.8408
136.248	26.4522
122.013	25.5795
216.345	83.5926
130.811	13.6256
307.009	13.0465
135.048	68.3564
305.749	0.766266
311.123	39.3941
313.285	9.42029
260.23	74.5214
308.326	48.5283
314.895	37.059
133.417	23.9612
344.281	66.8976
138.388	51.2911
300.125	45.4581
133.562	24.953
135.945	44.8813
315.85	1.29256
148.615	22.2042
307.774	0.840561
133.77	2.44761
307.641	8.14462
319.61	2.31451
310.519	19.7714
312.625	7.30612
131.043	15.2805
137.684	0.485764
145.782	32.9993
139.246	24.8821
320.304	14.5251
133.73	30.8823
140.374	16.5488
307.677	45.0738
134.063	56.1517
323.955	3.3541
315.614	22.2999
144.905	22.8489
312.531	6.2713
298.225	47.3838
315.599	22.0514
131.716	65.617
137.921	14.3923
127.295	26.3789
137.238	15.5103
297.83	64.1243
127.008	2.92928
312.165	13.8903
303.632	58.5935
308.053	29.4359
315.184	10.8994
137.394	23.9311
308.176	40.3134
304.12	12.9479
141.763	16.5832
317.818	18.3253
124.748	12.3868
129.178	3.18011
314.124	40.0957
319.633	32.801
139.343	41.3114
134.766	3.92014
313.837	51.4162
132.489	25.4446
327.744	27.6479
23.4771	80.7981
131.359	46.5499
309.906	7.47978
134.195	40.2358
308.892	8.60202
314.183	22.5786
304.174	8.86507
139.156	25.2037
294.352	74.2306
317.069	38.0047
317.431	29.1083
309.052	41.9381
308.715	38.9105
144.808	23.794
137.862	61.0829
304.207	36.0648
129.594	15.4649
307.291	26.8627
141.475	5.19641
287.542	80.4468
133.931	74.3431
125.653	29.4913
303.943	37.3583
136.13	37.0128
320.004	18.3742
133.586	32.4905
312.582	56.8268
124.646	2.77415
133.095	3.33581
317.157	15.7938
137.896	52.2157
316.616	4.89037
137.773	52.4601
306.471	10.8187
304.099	38.016
319.253	25.3312
133.285	6.06329
130.083	50.44
315.812	38.4358
133.502	3.67724
215.933	73.2932
122.906	21.3908
318.829	6.91898
319.829	3.45177
140.695	10.1899
140.223	43.6215
301.526	42.1887
309.217	11.256
255.581	71.9762
314.74	39.2948
148.772	89.0169
142.322	4.59471
132.462	17.6091
130.793	62.5253
316.811	2.67284
318.337	11.3349
140.832	5.25208
312.711	14.5442
310.75	21.1752
330.568	76.6657
323.543	27.6379
129.848	4.10471
272.844	75.4471
318.552	7.24833
317.466	18.5106
131.955	8.62436
316.696	14.3525
248.799	85.7919
313.163	16.492
136.517	34.7087
299.179	27.3306
318.619	7.82589
317.665	16.9843
147.253	79.3796
310.486	16.7179
139.408	39.196
134.921	47.454
136.054	73.023
134.404	23.4584
311.194	12.0455
308.413	21.7297
135.909	18.4788
137.869	4.95132
120.79	63.0203
136.307	8.01536
123.752	15.582
314.353	11.4805
295.398	83.6648
317.978	18.4527
315.506	24.2152
129.206	29.2567
316.726	21.3008
317.837	21.9213
313.1	10.905
117.365	71.1873
139.85	28.1274
295.381	45.7211
275.393	78.237
135.649	21.9588
198.58	70.9648
209.316	80.1203
277.718	83.5764
133.261	21.3207
314.069	6.95016
136.329	25.6003
133.739	9.42297
136.695	36.1616
311.995	0.0598526
140.793	55.353
320.457	8.53545
308.994	21.2327
199.666	73.3229
140.876	37.1663
309.735	32.5978
141.489	64.7243
315.341	0.798676
321.509	18.9943
317.257	9.09834
140.804	32.7115
310.71	4.39726
303.322	34.9962
132.051	33.7342
142.028	29.1498
221.589	79.4665
133.434	33.0635
308.34	29.9138
271.903	70.6992
275.846	87.3342
310.692	29.6359
147.49	59.1805
133.99	42.2986
307.735	40.8208
135.452	16.2643
131.153	24.8726
297.413	19.7339
126.843	47.0611
310.04	10.8137
139.118	74.1288
312.081	40.1004
142.572	24.1157
125.177	41.2658
132.342	0.864326
309.416	39.2496
128.093	52.9241
137.791	15.8146
306.981	40.0812
138.365	20.4579
142.08	49.1809
316.756	3.44623
112.034	28.7422
315.837	15.4897
138.581	41.3805
305.451	20.6296
305.515	14.6604
318.99	5.73302
138.148	28.9486
135.382	7.79704
315.395	18.9334
215.84	84.3878
140.731	45.1472
314.113	0.722694
311.212	22.3852
133.372	6.18035
132.695	19.6644
313.319	13.0678
137.467	25.0262
308.294	22.8236
308.872	8.81781
130.435	80.6607
136.755	33.189
133.43	24.1867
21.2003	85.3434
312.009	24.857
159.874	77.7006
143.824	8.28821
113.681	67.8378
133.755	23.92
314.158	2.00114
135.304	20.6574
129.704	0.721237
154.246	80.7288
146.186	45.411
132.438	42.3274
133.343	30.2397
131.712	8.55017
318.39	9.92563
129.296	42.0477
312.974	3.56941
310.77	33.0735
310.461	61.4284
303.329	8.27011
307.568	16.0756
135.536	35.0319
143.725	43.7488
135.904	0.0678711
312.523	28.9386
314.434	37.2833
132.507	52.536
131.207	4.9708
138.363	47.9259
309.348	12.7131
310.566	6.96082
149.123	44.2932
138.276	32.9939
133.072	39.3863
308.389	9.24489
321.553	68.8253
136.168	23.8334
131.136	47.5529
288.421	78.6025
145.299	40.9668
324.478	50.3301
292.733	68.9183
305.265	55.4214
166.911	73.7356
305.479	61.8435
308.908	10.3913
137.131	15.557
73.6742	86.6618
121.236	80.1581
309.288	14.0814
132.215	24.0821
307.224	52.9133
310.905	40.4076
324.661	54.6503
307.486	26.9634
130.673	9.50212
291.982	68.6853
134.481	51.7698
304.55	24.6462
308.465	8.10609
140.75	36.0516
128.135	6.24272
309.205	67.0614
131.258	58.8079
124.327	4.06845
139.324	40.9453
138.337	0.41687
320.046	68.0142
131.176	25.2926
133.485	40.8004
130.616	36.7142
130.119	5.39364
319.125	9.55009
137.545	18.2331
315.853	43.9481
310.117	23.9186
312.507	52.6671
308.738	10.5589
312.417	40.7734
132.936	44.8905
278.52	70.2193
310.355	33.8578
133.832	27.6733
147.535	35.4759
155.928	83.4973
133.388	8.83887
306.327	7.60174
138.041	22.6413
312.501	31.8094
143.38	53.533
134.516	28.9527
140.277	42.8639
304.395	36.0885
128.789	72.9687
135.86	30.7795
144.09	33.2077
122.963	13.1542
306.961	20.0784
130.449	32.7237
137.465	2.11302
304.071	20.5793
136.773	32.9527
295.312	54.7519
140.891	40.6449
310.693	2.49947
132.682	8.1767
135.422	40.9329
136.835	19.1416
316.17	49.9571
132.83	5.64172
142.825	19.2301
132.065	39.9453
131.08	15.4193
309.303	5.32123
313.87	14.2749
315.132	34.6454
292.708	58.2037
136.857	14.7875
131.31	16.2922
140.199	24.8209
307.753	13.492
311.414	14.6614
142.508	43.2797
305.085	3.09639
139.062	28.5547
134.809	30.7029
134.852	44.9943
130.143	16.9233
145.377	31.7204
303.108	3.35162
305.184	54.674
312.125	35.7158
185.396	86.6132
307.446	37.1147
317.309	23.702
333.076	72.7579
302.173	20.6705
315.219	0.768143
135.028	4.50069
123.661	24.4065
150.325	48.4262
128.377	45.7354
119.826	63.9019
130.722	20.6261
125.075	0.0376358
143.653	68.4447
135.363	36.5935
312.197	64.0247
316.254	12.1475
300.483	59.7398
320.366	16.3169
304.995	36.3845
128.274	0.0968781
298.189	45.5153
131.7	1.62428
315.735	5.31987
297.287	69.3595
136.383	43.8518
311.662	0.193802
134.383	34.8985
133.27	0.281425
309.256	52.6562
317.337	6.08974
178.238	68.9309
309.136	12.0996
310.739	6.25129
310.665	11.3462
308.15	1.3363
240.001	82.103
132.386	7.35664
323.122	7.80746
123.099	25.9264
314.993	23.4011
316.773	73.4462
138.616	1.12635
137.501	70.0347
131.307	56.7878
307.328	35.0823
141.291	73.6329
305.962	15.7803
129.627	54.0935
133.527	19.7268
164.835	72.2997
131.216	41.4701
131.526	45.9237
309.722	24.4225
293.506	56.5836
135.589	30.8309
134.424	45.3241
129.682	24.4708
131.069	33.4283
307.409	1.27092
300	70.0657
299.249	62.838
313.403	24.2455
134.732	15.7414
130.599	21.248
309.208	67.3223
139.854	2.93242
311.028	10.1129
309.963	3.20698
142.424	45.7889
132.72	71.7825
289.264	52.5608
301.526	22.9466
301.804	75.2762
313.352	14.6276
353.948	81.5695
308.798	51.3125
308.925	49.3908
324.724	22.1674
130.776	62.2198
140.217	2.80296
135.496	63.1375
313.461	34.33
123.257	58.2993
137.147	81.8203
139.598	2.47275
319.222	12.2434
141.92	21.3056
304.38	74.3163
312.228	33.0066
317.332	12.8557
289.828	77.8833
125.643	6.68076
136.407	5.34998
159.833	65.0028
130.505	66.1141
312.301	8.43111
193.575	85.2339
316.4	63.1644
119.755	67.2635
320.124	55.0135
137.631	19.5249
133.009	7.08311
318.118	11.5429
308.327	2.4612
317.322	1.25368
304.177	25.1316
320.778	47.1283
313.059	36.9169
128.326	5.68669
316.658	39.4811
144.507	37.1133
318.53	56.1731
309.215	1.8252
302.161	46.2534
145.601	32.1641
317.103	13.9222
127.487	55.6412
141.298	8.63657
313.506	29.7004
312.875	5.82806
310.606	3.1373
312.823	22.4956
322.457	30.4506
315.514	0.0739517
313.147	8.88153
309.628	52.4665
127.868	62.066
303.249	41.881
310.537	18.7206
311.239	40.5471
136.205	7.06953
304.765	46.294
299.371	47.9244
324.792	0.771538
303.439	44.2577
310.767	6.96872
136.854	24.0926
136.763	3.5106
317.12	16.3786
317.712	51.213
142.043	10.3835
127.966	23.8643
316.301	9.79244
140.03	50.7309
134.585	13.2021
305.74	53.8162
309.433	0.411095
150.873	66.3842
306.468	51.2389
326.099	50.8107
135.79	1.93025
310.696	18.2947
292.241	65.1008
343.55	18.3692
311.252	32.3767
265.473	70.3321
122.207	77.7926
136.246	15.4879
124.397	0.365273
136.515	0.476273
316.683	3.29754
134.617	4.12734
142.55	29.2848
312.039	52.1301
141.339	81.4104
131.126	23.7142
132.577	0.403793
133.958	48.8738
277.222	66.8163
313.702	34.5779
305.21	42.0444
128.46	23.0924
316.388	54.7241
314.93	8.57806
300.01	67.3035
311.479	15.5178
323.229	71.8767
308.638	63.2512
131.024	29.1499
319.74	52.9036
317.946	21.6231
131.439	51.3732
153.422	32.5962
309.978	52.9827
314.243	0.525307
134.299	0.536926
312.948	54.1786
126.771	43.3526
308.67	7.46152
137.291	25.1257
139.185	70.8556
208.233	83.4722
127.304	22.367
244.307	84.9002
322.056	8.08714
135.901	68.3895
133.457	22.8197
317.973	28.351
319.335	9.67207
145.572	36.6325
137.695	18.7243
138.538	4.70951
133.587	34.0896
308.946	70.9257
144.2	68.7715
140.902	20.2387
324.876	7.644
322.231	14.1063
133.45	16.32
150.041	33.4844
313.472	2.61118
135.826	6.66232
320.635	6.9287
138.917	3.53288
323.763	5.7627
303.341	0.141586
135.518	71.5812
136.994	7.83846
132.138	52.3106
305.033	24.8291
141.362	15.2805
302.42	61.5983
312.011	26.5577
139.022	13.2998
312.637	26.3493
318.15	15.9191
314.684	35.4619
304.809	14.6772
116.285	11.4003
121.881	20.8589
302.405	42.1276
134.658	33.4008
307.78	5.28077
327.912	64.4043
315.887	67.5376
128.786	3.51866
129.571	41.3028
316.021	20.318
303.839	24.6822
305.606	22.0606
312.207	23.8256
127.07	25.1969
137.065	1.61576
313.815	36.0039
320.932	28.6482
136.76	27.771
309.328	32.8174
135.491	7.0601
316.757	8.27559
302.987	4.88958
135.651	6.94099
132.368	0.483597
140.609	32.421
309.245	36.5637
157.319	55.1884
306.425	9.42825
166.345	88.861
143.404	16.3328
139.509	15.2111
296.602	61.7801
132.584	19.7364
125.414	10.4217
306.276	1.57146
127.199	4.22148
316.419	9.58278
135.745	68.4429
140.819	13.0524
133.55	3.18651
136.473	25.6529
146.751	47.4298
325.455	4.35336
135.038	85.3491
126.412	59.0607
339.773	74.5197
303.039	32.4764
144.353	64.3611
89.2836	71.975
317.876	3.45261
317.895	49.4835
304.243	10.6257
309.879	61.6328
103.036	64.1575
132.761	37.1837
124.529	71.9628
130.984	12.2152
146.116	15.267
313.156	3.81647
320.503	1.19027
322.518	5.15952
318.638	38.0571
124.666	10.4805
138.375	70.8594
129.03	38.2938
94.8537	55.9536
136.142	8.13499
128.379	16.7383
314.096	6.68498
94.9102	67.0167
134.85	15.8641
132.111	14.2099
131.942	13.691
130.154	5.63213
310.144	8.37736
137.643	9.22647
128.966	1.60404
127.486	4.84922
133.056	14.1431
317.061	6.942
139.7	18.1621
306.564	2.76588
159.928	74.4267
307.947	0.125244
139.04	18.8617
314.76	36.7632
268.074	79.1399
146.486	36.2791
315.18	0.452736
134.332	29.7934
314.474	58.2057
132.254	4.93587
130.38	9.40968
125.768	24.5688
324.739	43.0861
144.7	41.6025
287.863	69.0072
134.423	23.3151
174.273	82.9351
309.507	1.36989
134.635	6.00882
313.703	12.677
160.39	62.0937
311.385	16.8183
312.282	17.7239
125.116	35.2728
321.164	52.7267
305.978	24.6451
143.071	63.8034
150.852	55.8576
307.569	6.90694
308.225	18.3744
126.214	24.8783
313.15	3.9759
160.929	84.7725
296.211	66.8429
306.29	13.3765
311.88	6.94135
127.57	9.21391
130.915	21.2478
131.48	5.00778
316.7	50.6141
258.099	72.6393
314.985	10.0748
129.814	9.14803
126.286	27.3213
314.969	40.2213
307.781	11.5755
136.618	18.1845
308.469	0.021965
297.525	66.0795
297.61	23.9731
139.719	32.4852
138.718	20.2879
314.937	35.1712
129.776	15.51
313.109	33.3226
311.176	6.4821
138.278	17.1711
317.51	11.9578
313.337	29.5845
307.413	71.2518
121.508	55.8698
280.387	59.7242
128.742	13.2537
309.251	42.2584
129.098	12.0109
305.533	39.8324
264.022	76.7559
137.143	0.434906
130.058	22.5048
320.025	13.2528
145.398	29.4962
305.706	33.1403
133.33	37.273
124.646	55.8935
135.058	32.5866
299.933	62.0259
306.929	32.781
203.976	85.5316
138.609	21.2683
140.585	3.66139
140.329	15.523
132.316	1.98173
309.628	2.4753
135.74	48.515
310.719	39.7716
317.619	60.604
136.134	27.1031
128.121	11.0706
116.792	2.71075
133.137	37.7391
124.835	31.7307
129.252	6.19379
329.243	52.9453
307.986	30.6088
128.73	0.601212
304.737	58.2841
133.297	25.3573
309.542	73.2045
132.12	21.1031
138.127	18.4023
300.324	10.7646
143.164	37.6401
137.804	25.693
320.015	21.4451
56.3894	86.3217
129.412	24.9342
311.138	1.47811
315.824	9.14457
316.531	13.0478
307.043	11.7596
161.782	78.3154
310.721	38.6094
298.047	29.6297
323.016	29.5137
138.9	15.8683
144.774	26.6241
309.323	66.2599
305.491	46.9863
321.189	34.9469
135.458	73.7603
101.581	79.5392
307.419	30.9428
308.273	40.6744
128.287	28.6644
122.778	69.2975
308.357	28.7021
135.12	29.168
315.12	14.5808
310.44	1.38943
316.686	52.191
305.007	31.5555
131.967	61.2952
133.69	37.6416
122.516	44.8732
319.319	9.33364
313.659	18.3514
316.047	5.19781
105.073	85.9611
318.319	41.625
132.822	48.9983
316.353	5.90394
124.972	26.9765
132.126	23.9167
317.682	10.4011
128.571	0.834541
330.931	7.75294
123.877	61.8837
135.004	3.37798
303.204	0.583389
316.825	0.506073
305.626	25.3315
134.986	72.6085
129.831	6.46823
127.468	26.0341
165.245	82.6043
308.542	47.0306
206.692	85.8223
139.431	63.4872
80.824	88.254
312.821	16.0978
156.745	84.6348
142.145	20.4577
153.074	39.5288
137.579	10.3546
131.335	10.5074
136.674	40.3471
129.01	14.7291
136.872	3.81934
301.096	42.4227
305.575	38.8235
304.699	21.4976
129.521	79.5289
129.233	39.7097
303.901	5.92837
134.93	58.8043
304.558	23.2507
302.401	36.0824
306.006	16.137
123.871	28.1707
313.396	13.6647
312.464	41.2626
321.589	18.9726
315.063	0.165833
284.735	68.8806
129.103	86.5731
317.15	1.26823
120.31	55.1854
137.586	35.1194
112.844	72.7335
136.749	43.5972
317.848	2.26791
173.342	82.0089
310.679	6.01865
305.969	17.513
137.045	55.9529
123.341	71.4629
120.157	51.5202
311.096	47.8571
299.691	35.3803
141.01	43.8459
159.598	77.4778
322.965	65.6479
307.846	26.352
307.24	12.8006
131.54	7.50218
313.414	10.9942
312.29	22.6712
126.124	8.2832
124.053	30.571
135.35	19.1867
292.767	54.1354
314.777	4.25465
294.091	56.2556
308.322	17.0645
127.263	3.46348
134.63	38.339
310.047	72.0398
309.21	26.0468
137.891	11.4566
309.539	3.26185
127.831	43.5884
315.277	33.8558
126.715	3.54695
138.668	34.1595
316.262	30.6105
150.111	0.694214
93.375	25.1896
141.097	48.0953
306.14	47.5304
136.035	68.4762
135.537	29.5626
306.722	18.4029
134.257	17.7439
318.684	23.8859
321.706	11.5951
140.535	59.8651
316.206	3.72224
309.172	9.5862
129.435	8.16646
134.711	32.7394
313.863	18.3024
133.577	69.9303
134.406	48.9197
133.903	7.53319
143.8	34.7162
200.827	79.5947
131.568	14.1529
114.119	59.537
130.17	17.8617
127.582	19.7282
129.296	69.3233
136.123	32.7939
315.166	4.51968
119.218	42.0105
315.41	80.8372
126.268	42.9736
311.795	15.7815
132.906	67.7712
311.397	29.587
138.547	15.0009
325.645	43.884
128.398	20.079
301.764	73.5963
140.28	26.2475
309.032	30.5472
130.672	8.81709
310.665	8.1711
307.992	27.0837
311.458	66.8391
131.159	6.60286
149.447	44.3907
307.669	12.8524
300.253	75.2911
322.468	15.3381
295.192	61.3874
156.992	73.2787
129.945	12.7752
133.122	31.4163
142.559	58.1907
302.288	39.3703
127.416	0.393875
133.494	52.8635
139.117	4.42879
317.223	3.79655
132.468	7.67231
121.171	75.4498
319.627	10.0342
312.128	38.9802
139.925	26.8389
134.564	45.7435
313.578	54.3307
318.102	27.9038
131.17	2.6066
309.041	26.0421
303.184	17.5582
307.122	37.1442
291.385	52.0909
306.939	29.3316
304.711	19.1065
320.499	15.1988
310.415	37.6187
134.217	6.66916
317.447	1.9426
113.289	60.9005
142.407	74.9007
310.538	8.04823
154.676	71.7059
305.963	38.928
132.362	5.53897
156.092	81.011
313.421	43.8554
310.869	0.6903
145.532	76.2081
308.993	16.4667
320.402	9.32384
140.852	53.6232
316.983	29.6888
134.971	17.2317
135.742	13.2287
313.892	40.0319
136.368	18.4399
314.265	15.6
299.884	25.2368
290.148	78.8242
133.185	16.6001
313.471	30.6261
313.722	20.346
133.871	38.3818
131.559	37.1642
132.789	4.27612
135.927	24.5236
307.828	4.83432
292.969	74.3984
320.299	2.1728
305.916	18.314
132.509	54.5696
308.552	15.8995
301.701	79.6519
133.7	24.2177
141.119	73.6387
305.94	69.8443
313.597	33.6029
132.144	25.2157
147.11	25.5636
324.802	20.824
317.792	16.8768
316.758	5.54023
138.789	1.6314
321.049	47.8539
137.481	0.33075
145.611	59.4163
318.929	5.76175
146.919	72.2377
125.735	6.42918
148.289	41.5303
190.424	82.2556
307.389	4.53029
138.085	10.8394
135.38	5.41571
140.485	13.6985
321.649	25.1714
186.638	83.2556
128.756	5.88541
146.327	62.0518
149.57	60.1252
141.7	5.21268
314.185	14.3103
148.209	72.1118
134.366	38.3477
131.43	3.07372
324.041	23.0338
136.85	37.6949
134.943	53.1414
308.949	4.52203
316.626	0.367058
136.781	1.4519
138.258	29.4008
309.776	43.9574
133.28	11.2841
127.18	27.8312
142.774	8.26565
136.502	32.3428
312.861	30.034
279.404	54.2407
315.915	59.7968
135.222	3.04165
310.588	53.3409
314.373	30.8795
314.463	34.3633
303.068	22.5147
304.258	42.489
138.054	29.4994
307.893	19.3017
137.092	37.6392
124.467	8.50527
305.91	53.6134
113.776	85.1839
300.262	53.6252
131.168	5.89331
141.963	8.94787
309.35	41.38
315.552	58.682
312.746	13.9401
132.791	9.19435
143.377	42.093
304.531	55.2899
317.128	3.68333
307.352	5.56631
318.273	1.81233
319.525	0.0087738
309.18	19.4864
314.064	18.3262
315.954	21.9394
311.8	27.8929
302.781	15.9651
157.554	76.7721
143.981	25.8945
157.101	20.2149
299.264	9.88609
312.958	8.60495
129.495	24.7868
115.122	56.7397
318.05	5.4555
137.609	22.5445
309.786	4.17255
344.991	86.2734
306.229	28.8096
119.459	36.442
168.554	78.3507
138.166	10.8622
309.581	58.535
318.207	16.8056
315.993	2.19351
305.203	49.7421
303.49	55.2439
141.743	13.6795
315.014	9.10484
310.939	7.08566
310.631	14.3057
139.385	48.7877
303.215	32.1874
324.932	76.3664
314.515	29.9937
306.243	45.2623
313.635	33.6735
314.984	18.3698
308.228	24.6456
136.064	51.3465
144.432	22.4833
132.628	11.367
138.923	50.4416
303.258	69.4105
315.806	11.2949
293.22	45.6558
131.766	4.75863
309.584	34.8005
157.317	47.3888
153.733	46.4439
134.196	30.7381
309.112	81.0426
317.232	16.8462
123.85	30.8414
324.606	27.9951
307.342	2.59273
317.752	9.15828
129.785	7.19482
322.627	48.5176
308.71	11.7948
141.334	24.4331
306.59	17.4229
302.546	21.2662
320.417	10.3274
317.928	12.3097
133.692	11.7885
134.205	6.81973
304.995	8.72646
288.443	30.1496
145.5	37.2096
138.98	42.7505
134.835	16.6626
304.924	14.3954
137.247	47.6009
134.604	50.4743
306.433	26.6126
151.48	44.4685
4.92362	55.9774
143.852	49.8478
305.202	10.7917
310.491	19.4433
133.477	0.0777435
343.686	86.2909
147.221	31.8669
317.592	22.5614
137.71	7.87787
134.37	17.431
320.978	9.48595
124.169	45.2117
315.935	14.7178
314.675	18.8641
304.47	26.0678
317.891	31.8575
143.139	3.20411
124.41	21.904
139.322	40.9184
304.553	39.4942
308.009	27.3962
315.773	14.8612
313.158	8.5033
311.684	35.747
131.506	1.59956
309.117	41.2933
111.083	60.8092
293.578	79.4249
129.359	23.8569
122.741	64.994
319.742	2.96226
321.721	15.8732
291.785	75.5834
305.727	28.5024
138.884	16.5003
149.543	30.5313
308.514	74.4827
140.136	19.4512
296.189	46.5657
319.268	20.76
128.122	9.43754
303.053	58.819
309.489	20.8541
142.127	22.9598
308.272	2.63718
318.384	20.0532
132.767	11.3151
130.513	5.4909
320.807	41.6145
319.381	21.2658
298.997	62.4348
134.527	11.8594
313.93	17.0247
142.077	20.2244
319.274	8.37875
141.589	15.4556
138.999	14.4465
319.454	9.00468
315.566	36.1999
306.215	30.5191
305.876	16.2201
129.526	2.01285
129.749	13.3541
128.752	6.42799
